152  	25 	 5.00 	 5.00 	 11.00 	 4.00 
152  	50 	 14.00 	 6.00 	 21.00 	 9.00 
152  	75 	 17.00 	 12.00 	 37.00 	 9.00 
152  	100  24.00 	 18.00 	 46.00 	 12.00 
375  	25 	 6.00 	 4.00 	 8.00 	 7.00 
375  	50 	 17.00 	 13.00 	 11.00 	 9.00 
375  	75 	 22.00 	 19.00 	 21.00 	 13.00 
375  	100  33.00 	 22.00 	 30.00 	 15.00 
408  	25 	 4.00 	1.00 	 12.00 	 8.00 
408  	50 	 10.00 	7.00 	 21.00 	 11.00 
408  	75 	 18.00 	14.00 	 27.00 	 15.00 
408  	100  25.00 	20.00 	 35.00 	 19.00 
643  	25 	 7.00 	3.00 	 13.00 	 2.00 
643  	50 	 20.00 	4.00 	 23.00 	 3.00 
643  	75 	 27.00 	8.00 	 30.00 	 10.00 
643  	100  39.00 	13.00 	 36.00 	 12.00 
687  	25 	 6.00 	6.00 	 11.00 	 2.00 
687  	50 	 14.00 	10.00 	 20.00 	 5.00 
687  	75 	 21.00 	13.00 	 33.00 	 7.00 
687  	100  31.00 	15.00 	 43.00 	 10.00 
720  	25 	 2.00 	5.00 	 12.00 	 6.00 
720  	50 	 9.00 	11.00 	 19.00 	 10.00 
720  	75 	 15.00 	15.00 	 30.00 	 14.00 
720  	100  22.00 	17.00 	 43.00 	 16.00 
1148  	25 	 5.00 	5.00 	 8.00 	 7.00 
1148  	50 	 17.00 	10.00 	 14.00 	 9.00 
1148  	75 	 22.00 	13.00 	 27.00 	 13.00 
1148  	100  32.00 	19.00 	 33.00 	 16.00 
1362  	25 	 7.00 	4.00 	 8.00 	 6.00 
1362  	50 	 19.00 	7.00 	 18.00 	 6.00 
1362  	75 	 31.00 	10.00 	 24.00 	 10.00 
1362  	100  39.00 	14.00 	 27.00 	 20.00 
1532  	25 	 5.00 	2.00 	 12.00 	 6.00 
1532  	50 	 16.00 	4.00 	 21.00 	 9.00 
1532  	75 	 24.00 	7.00 	 30.00 	 14.00 
1532  	100  34.00 	10.00 	 38.00 	 18.00 
3102  	25 	 13.00 	2.00 	 3.00 	 7.00 
3102  	50 	 20.00 	7.00 	 12.00 	 11.00 
3102  	75 	 28.00 	10.00 	 21.00 	 16.00 
3102  	100  35.00 	15.00 	 29.00 	 21.00 
3679  	25 	 9.00 	3.00 	 11.00 	 2.00 
3679  	50 	 15.00 	8.00 	 25.00 	 2.00 
3679  	75 	 28.00 	11.00 	 32.00 	 4.00 
3679  	100  38.00 	19.00 	 36.00 	 7.00 
3931  	25 	 8.00 	6.00 	 7.00 	 4.00 
3931  	50 	 15.00 	9.00 	 18.00 	 8.00 
3931  	75 	 17.00 	12.00 	 32.00 	 14.00 
3931  	100  26.00 	15.00 	 43.00 	 16.00 
10742 	25 	 14.00 	2.00 	 6.00 	 3.00 
10742 	50 	 20.00 	4.00 	 16.00 	 10.00 
10742 	75 	 27.00 	8.00 	 26.00 	 14.00 
10742 	100  35.00 	11.00 	 37.00 	 17.00 
14374 	25 	 9.00 	4.00 	 10.00 	 2.00 
14374 	50 	 16.00 	11.00 	 17.00 	 6.00 
14374 	75 	 24.00 	16.00 	 23.00 	 12.00 
14374 	100  31.00 	25.00 	 29.00 	 15.00 
16268 	25 	 5.00 	3.00 	 14.00 	 3.00 
16268 	50 	 14.00 	7.00 	 20.00 	 9.00 
16268 	75 	 21.00 	9.00 	 31.00 	 14.00 
16268 	100  27.00 	14.00 	 40.00 	 19.00 
18129 	25 	 14.00 	1.00 	 8.00 	 2.00 
18129  	50 	 22.00 	4.00 	 16.00 	 8.00 
18129  	75 	 30.00 	10.00 	 27.00 	 8.00 
18129  	100  39.00 	13.00 	 38.00 	 10.00 
